time,x,y,z,phi,theta,psi,x_velocity,y_velocity,z_velocity,phi_velocity,theta_velocity,psi_velocity,rotor_speed1,rotor_speed2,rotor_speed3,rotor_speed4
0.06,6.655634325841436e-08,-2.879398469676706e-08,10.005123282789341,6.282824075724239,6.283089910839784,0.0,7.352035979232912e-06,-1.667802014193603e-05,0.17076520301824646,-0.022150814984514662,-0.004976457261979038,0.0,459.2809366297221,458.88617782908113,459.4033498152745,457.64400993682494
0.12000000000000001,4.079271659816076e-06,-1.5572990947913932e-05,10.021485790967189,6.281260068257211,6.282400177665199,0.0,0.00017848671432882162,-0.000669539386963356,0.3746063127163733,-0.03534913334091593,-0.02957634694930507,0.0,470.2378089437026,468.32872467706886,468.71296796539536,467.6861657796074
0.18,4.390592044473793e-05,-0.00011649849177404809,10.052601755130457,6.279305995374324,6.2807689953440615,0.0,0.0013695158147316072,-0.0029582212213761045,0.6624693200062626,-0.02751750380907056,-0.02279077188193971,0.0,494.5641512577593,495.0635053656755,491.10380656159526,491.6839653177369
0.23999999999999996,0.00017878226094802667,-0.0003767129723535737,10.09445003573281,6.277301677904834,6.279451810947936,0.0,0.003257154166934356,-0.005889954045957913,0.7324295514731709,-0.04903667451717179,-0.020328378669699304,0.0,426.971031945634,427.1809900417175,429.3009321486822,427.47076201297165
0.3,0.0004601323558694317,-0.0008683902849224057,10.142437063805652,6.275176555999018,6.277851577378897,0.0,0.006266844455377697,-0.010760859133605251,0.8670427808127092,-0.016831302716680673,-0.044036284657327035,0.0,449.49403018540903,447.5686430079619,446.80211658401754,449.4189375191354
0.36000000000000004,0.0009538036400806877,-0.0016795300598307045,10.19700541900513,6.274281697069776,6.2751953863509495,0.0,0.01045273765418678,-0.016371326188462838,0.9518327335987261,-0.011332475747566398,-0.044740977671298365,0.0,433.7312882906339,433.6709406867559,431.73951214078005,432.203245480825
0.4200000000000001,0.0017501406017823992,-0.0028414911847433363,10.256383180361675,6.27385007664194,6.272426309243816,0.0,0.01635938029165505,-0.02241374241188894,1.0273578101699428,1.1686452290560808e-05,-0.04913160470828665,0.0,429.9975442384666,429.6241386354503,429.73387189931475,430.69438021005544
0.48000000000000015,0.00299008952896152,-0.004400105432244844,10.323277392633852,6.273412771117112,6.26995167978367,0.0,0.02527311115161794,-0.02955534879853037,1.202277683389332,-0.028812381366904127,-0.02888733537692091,0.0,461.24233510460226,462.83724671456594,461.3996066441216,459.1186871105594
0.5400000000000001,0.004794187719755653,-0.00638826896361289,10.399034248957978,6.271572034595998,6.268779516584614,0.0,0.03500945713935,-0.03690260117279213,1.3228146368726164,-0.034700240710572317,-0.005423079053826144,0.0,442.96024529428394,444.88539616320276,446.01218232849794,445.5307809483074
0.6000000000000002,0.00719922477446805,-0.008855458746213666,10.481823393107186,6.2692365591414685,6.268860224241498,0.0,0.045166424259483404,-0.04556346968827375,1.4366837599664233,-0.049098339627571416,0.012272785801537962,0.0,442.2351338790426,443.69019248599886,443.7479991887896,442.56380366136904
0.6600000000000003,0.010221370684800005,-0.011908027295525368,10.572359263521339,6.2663518614103495,6.269458059804686,0.0,0.05549606967720987,-0.05650251008270211,1.5809858773769514,-0.04611313680241427,0.004892238670648681,0.0,453.2699708828769,452.6763825841364,452.52968669883273,452.7685303071437
0.7200000000000003,0.013836659143187503,-0.015660171688332204,10.670448781240738,6.263940783062665,6.269852706302515,0.0,0.06497563630942604,-0.06883120712131403,1.688507090496816,-0.030390508590786573,0.009751211243552042,0.0,441.9964709405811,442.3966018586007,440.7461877149364,442.0427078976361
0.7800000000000004,0.017957014491456005,-0.02011950521236611,10.770918117290986,6.261794745255386,6.270977407273811,0.0,0.07229532524148345,-0.07997648805620493,1.6605092816258074,-0.04958942177214455,0.03244126515578663,0.0,396.37384209916337,398.4534778823456,397.8911803090366,396.1289060433966
0.8400000000000004,0.022539359529957382,-0.025371487684057736,10.873551154393368,6.258914458497099,6.27303911582475,0.0,0.08024281716595626,-0.09538492358086564,1.7604381664778397,-0.04501119082728248,0.037949292291619405,0.0,439.3625912167317,439.8194838287519,439.5438465499959,439.9216333700518
0.9000000000000005,0.02759040337521278,-0.031697630945299836,10.985851267346323,6.255926935963595,6.275378794346002,0.0,0.08784426064644235,-0.11581654188241305,1.982533803443994,-0.06165955877188219,0.041006922752526244,0.0,476.5218495880933,476.7561512763418,478.15196748713396,476.8806149902998
0.9600000000000005,0.03301962632612485,-0.039252592996064796,11.10881629344112,6.252031156360205,6.277282688476916,0.0,0.09287720463224845,-0.13641422585535548,2.116051677415116,-0.07243370770722007,-0.002826153399224672,0.0,453.3068730564209,449.7712406817708,451.4728553802677,450.5996755102071
1.0200000000000005,0.03872088863904067,-0.04813210537094172,11.239840735103385,6.247449802656913,6.276694674749399,0.0,0.09719734738942784,-0.1600383531735742,2.2511554049448383,-0.08565082587735551,-0.02982073410124146,0.0,453.9653919678703,451.7942934772428,452.28498860008847,451.2146946234625
1.0800000000000005,0.04469571226081953,-0.05850978912758891,11.378373352306403,6.242421350724218,6.27558219313072,0.0,0.10210657337596583,-0.18640575113408667,2.3663430394026417,-0.08035681215166357,-0.002297171987018157,0.0,445.46601216440524,447.71089015849185,446.6689267309159,447.094729572645
1.1400000000000006,0.050959370638708514,-0.07044486370475073,11.520702762339772,6.237783613432557,6.275152241612805,0.0,0.10670481354834012,-0.2118493882594409,2.3779252617625084,-0.0717884859652266,-0.01931752993777062,0.0,413.99516196184044,412.4949663565641,413.84448129374266,414.5927135970835
1.2000000000000006,0.05751941981155609,-0.08404110405954367,11.664857007559661,6.233267232617523,6.273867219919335,0.0,0.11207775562000215,-0.24177004836581595,2.427088145931633,-0.08335181699280828,-0.025986160274830673,0.0,427.1020248121454,426.53287380083873,426.30151017964306,425.3075226929139
1.2600000000000007,0.0644415230658432,-0.09959408158243473,11.813388504531703,6.228555335882664,6.272369262224071,0.0,0.1188121491940109,-0.27714387195541645,2.523720460733859,-0.07031323081762546,-0.02300012750117305,0.0,441.4105846424391,441.656822154886,441.632750488761,442.7018285561024
1.3200000000000007,0.07176392364653707,-0.11719509149458787,11.964669879475435,6.223921423762496,6.271244101709646,0.0,0.12537533942089432,-0.30993563919976036,2.518974137215581,-0.09698740536783292,-0.011383050829914247,0.0,408.43259508720246,409.46736527304313,410.5166094810864,408.1371642811225
1.3800000000000008,0.0795501975326375,-0.13711341369614352,12.120016053630735,6.217890053758278,6.270780639357149,0.0,0.13422402496343291,-0.3546280970197121,2.658867505431616,-0.10873802194922363,-0.001260709321668245,0.0,455.1682207565835,455.97767646305476,456.65013814484894,455.7033199241959
1.4400000000000008,0.0878586006053796,-0.1597590155320394,12.282407041570544,6.211124647826093,6.270332752723213,0.0,0.1427416093532309,-0.40088235347037793,2.753884316015937,-0.12232412795437347,-0.02429434362449529,0.0,442.9589369830612,441.06079197368376,443.9680724125672,442.84048763657546
1.5000000000000009,0.09669730447619626,-0.1853492589361734,12.450858650186188,6.203593076039422,6.26890987779413,0.0,0.15202680443177014,-0.4528720639164442,2.860833701706198,-0.1328456310981134,-0.022579694639698274,0.0,447.40868789753074,447.5482091329401,447.1052108412681,446.23282776637836
1.560000000000001,0.10614301562103884,-0.21433532010209838,12.627149728052641,6.195694452532852,6.2678916374269065,0.0,0.16295288040168923,-0.5141710466431196,3.0150480488782607,-0.12934457723665851,-0.007618541277971547,0.0,462.0126047863405,463.1907598317559,461.936666073939,462.1974655513548
1.620000000000001,0.11623009532390838,-0.2469806445356564,12.810499839373911,6.188131756694052,6.267390641482546,0.0,0.17332675506576506,-0.5747474692885185,3.09631468177093,-0.12015561516138024,-0.009854400150612432,0.0,441.07843323965386,440.89385965393785,440.1355275535556,440.8807090324467
1.680000000000001,0.12699683392136316,-0.28369599929419076,13.001656434924719,6.180957910310617,6.267083347610221,0.0,0.18560550017214394,-0.6498677333978515,3.2749674076267015,-0.11840767988849288,0.002973268226108477,0.0,470.8160613795102,471.8075823905954,471.28189682363546,471.40500155356875
1.740000000000001,0.13852473114561104,-0.32521649261799984,13.2047880119236,6.173730771902488,6.26742939825148,0.0,0.1986139564221191,-0.7349400266844065,3.4953113391353594,-0.12488721306433112,0.010840479222018655,0.0,484.95742290913375,485.54791072182275,484.57693106516683,484.077784311154
1.8000000000000012,0.15078493569520626,-0.3717692818729808,13.418872066896856,6.166019326555983,6.269393542784391,0.0,0.20988791728100842,-0.8175950356537851,3.6402428622339253,-0.13701501568223634,0.057993473363152456,0.0,462.817147660877,466.51406964812804,463.8972394452788,462.9294198362312
1.8600000000000012,0.1635910885297515,-0.4227583475304146,13.635787953185762,6.1577141789497,6.27291438991999,0.0,0.21670267111215671,-0.882721561601946,3.5903349827517737,-0.14138299934377954,0.060020577627881405,0.0,401.9796322745194,402.1660958457932,402.227068271637,401.8112564837319
1.9200000000000013,0.176823846354433,-0.4788008683320742,13.857596823134678,6.149099772184368,6.277120355403731,0.0,0.22390790584183065,-0.9862886815013094,3.8024274521386463,-0.1483537756982622,0.0850344790727029,0.0,483.7912274564887,485.6741911497804,485.7992504370371,485.2588842875627
1.9800000000000013,0.1903756174271317,-0.5411370510532522,14.091145531175401,6.139881792320635,6.282421543700604,0.0,0.22721467283083596,-1.0925273022145159,3.9817160045217723,-0.1671057236686093,0.09427470668057432,0.0,477.7274039567419,478.4373446392541,477.1936417138542,475.73908869788926
2.0400000000000014,0.20399981343100748,-0.6097493631596679,14.333251826742746,6.129940675971625,0.005383366885581609,0.0,0.22630555102061456,-1.1955206376895828,4.087894829990599,-0.16298937007745826,0.1151606625294328,0.0,455.9405953581587,457.61491758533487,456.81235586023575,457.1151068144558
2.1000000000000014,0.21746005602044235,-0.6841637382663383,14.577948374935234,6.119829780188486,0.01259339636442025,0.0,0.22176238438560184,-1.2858055610686712,4.0685218940926315,-0.18282648482802963,0.12865408080457905,0.0,416.5961384666728,417.7883674383596,418.7918537944186,417.03299285818974
2.1600000000000015,0.230443877397108,-0.7650704226805999,14.82682862083236,6.109248571674003,0.020041766088390034,0.0,0.21018606070680954,-1.4121704303578466,4.226598617860236,-0.1658312440315019,0.11310627447242026,0.0,474.3230951137958,473.1402908161661,474.2392460803222,475.51493528801734
2.2200000000000015,0.24254287982324718,-0.8539907493240451,15.086257819176051,6.099762560018647,0.027024242456644032,0.0,0.19231982362551298,-1.5528232092163474,4.4199699104579,-0.1459496002628613,0.12221428620598775,0.0,486.3208442721133,487.0134213533482,485.6565181820746,487.123924426225
2.2800000000000016,0.25361699373140234,-0.9501686317788175,15.349752651358651,6.091232303527326,0.034288660320735964,0.0,0.1762258074322052,-1.653827791945904,4.3631701027084056,-0.13552708334071334,0.11869121460458773,0.0,410.43066542970706,410.1323917698039,407.8214431798868,408.73058363939253
2.3400000000000016,0.26341718677942844,-1.053572299619109,15.61505444754757,6.083149240771469,0.04093716764712774,0.0,0.14972513521031994,-1.7937119062203577,4.479440681572294,-0.13314789557090687,0.08633984879832655,0.0,466.82147288379394,464.2996915033999,465.9192341117134,466.08940387836384
2.4000000000000017,0.2714673656713626,-1.165658997076632,15.88785758636365,6.0753276758747266,0.04616975747346963,0.0,0.11807502446445338,-1.943238613945372,4.613104339194059,-0.1253011314275647,0.08889426112943345,0.0,472.414105799439,472.61684817346264,472.59595879320796,473.1859558382984
2.4600000000000017,0.2775643024113723,-1.286616152575005,16.167350476225415,6.068122134143515,0.0513079900245863,0.0,0.08464317885963543,-2.0893195448849236,4.70260540984077,-0.11131423788849135,0.0781693242293208,0.0,460.67731649348787,459.8341061890208,461.2006961995465,462.2917004869219
2.520000000000002,0.28180130670502995,-1.4154577189809183,16.44748654342894,6.061481175041699,0.056211062407260926,0.0,0.05620305021786833,-2.2059804275137678,4.635263826079188,-0.10944957088211565,0.08800467220659024,0.0,410.01680635440323,410.8957870255596,411.32499005914195,411.4782017418785
2.580000000000002,0.2837486417610061,-1.5533490868315074,16.73210909561768,6.055149052737452,0.062152770698288506,0.0,0.008082266552970865,-2.390945841370535,4.850804835250113,-0.09867961974686146,0.11499271762774675,0.0,499.39015422408744,501.36200808846183,499.77066202921674,500.5466806483875
2.640000000000002,0.28293628039960345,-1.7014897672747555,17.025308166445555,6.050105584576993,0.06881056274044095,0.0,-0.03580994704089682,-2.5475278960263505,4.921812813479758,-0.06454147664155008,0.10136451047124241,0.0,459.98345528497833,458.913165261629,458.39202139728803,461.0911695233094
2.700000000000002,0.2790630253988725,-1.860102919328706,17.326832055747037,6.0456345598505905,0.07466699099566476,0.0,-0.09393695991108553,-2.7398092111647316,5.127640252012598,-0.12112292160741239,0.08877880044924026,0.0,502.9982937202833,502.09279779235914,502.42994451368196,498.30522747949067
2.760000000000002,0.27185210852813946,-2.0294781624404634,17.636936264292327,6.038609248456165,0.08039716616168135,0.0,-0.14694357486989704,-2.906634784100195,5.208306343973256,-0.11004872363998022,0.10636508774011483,0.0,465.8259474630441,467.2065199780529,466.83657054258185,467.6883953230128
2.820000000000002,0.26124100084920465,-2.209298414184162,17.95297856328049,6.032673275204061,0.08761905484479904,0.0,-0.20743181730152688,-3.087865375349338,5.325357450775433,-0.08287098312727717,0.13930271969526137,0.0,478.33714467481025,480.85060595752674,479.01137271035196,481.06599925816676
2.880000000000002,0.24734717977537274,-2.3987011644692724,18.27045645321335,6.0278551471967745,0.09563479617246795,0.0,-0.25636118139313435,-3.2260296995460513,5.25716645733901,-0.07560716072823723,0.11863807888629109,0.0,423.7590625525956,421.9957493966923,421.62865578297874,422.25029931728324
2.940000000000002,0.23045066108111026,-2.5963286212858807,18.583222109194942,6.023075386257027,0.10296043306624192,0.0,-0.30742952918823546,-3.362023692138249,5.16838300165872,-0.08933947376777432,0.12823224365923305,0.0,414.66293154791686,415.5196459415729,416.35711593471717,415.1479955778252
3.000000000000002,0.21055206215906294,-2.8017689106012496,18.888992342553976,6.017894673298066,0.1105912739978816,0.0,-0.35642960858890793,-3.486536624025199,5.02423877758317,-0.08094741916232182,0.124992346283979,0.0,395.48508492891267,395.2034384275688,395.2327346600497,395.9984271711677
3.0600000000000023,0.18698466640963635,-3.0162252665634766,19.191434273138317,6.013153656161947,0.11785068349119943,0.0,-0.42980158092356335,-3.662411712462725,5.056473526651438,-0.07541347339160977,0.11147106421045329,0.0,456.25338645791487,455.18511165768433,455.08706053168197,455.52503958382187
3.1200000000000023,0.15952956802648174,-3.239881655061077,19.490513156910687,6.008417075968662,0.12465777970311098,0.0,-0.4858829623241063,-3.7933271647083378,4.913071722043333,-0.08714390468742261,0.11714126273287351,0.0,396.15740129991065,396.69169370671517,397.406329482858,396.3234982404455
3.1800000000000024,0.1282105083227321,-3.472348166097009,19.784022484275237,6.003099075127793,0.13159997443130322,0.0,-0.5586576588223824,-3.956055359061708,4.8702256903754435,-0.09178994881202167,0.11266288355607423,0.0,431.98243578331187,431.61694596112204,431.99498097776933,431.59615533888604
3.2400000000000024,0.09237918535158396,-3.7147470880009124,20.075117509466345,5.99761075143619,0.1383904446235329,0.0,-0.6362727877213487,-4.124423645869138,4.832530247294513,-0.09084419697354662,0.11417769446239025,0.0,434.7511584335459,434.88978647065096,433.89040867995226,433.962564779259
3.3000000000000025,0.05155370651737424,-3.967804547984961,20.365401870856747,5.992523118303421,0.145207384468387,0.0,-0.7251464847564958,-4.311286511045285,4.84291411526629,-0.07483592815445268,0.11246830005397543,0.0,451.1856488309029,451.05887321771166,450.93584533649533,452.2214983203882
3.3600000000000025,0.005193362606828418,-4.232333939894244,20.656740284256205,5.987770421936313,0.15203040738252405,0.0,-0.820762988865245,-4.506757308034249,4.867573209620612,-0.0898304305422962,0.11610227307877878,0.0,456.7114708966342,457.0123932828796,458.7799295865132,457.5826690553665
3.4200000000000026,-0.046726409743094666,-4.508123724380831,20.947583406070315,5.982985558619577,0.1588825770502087,0.0,-0.9104514269670781,-4.68672677153104,4.826715980207903,-0.06480980751201752,0.11010822851081137,0.0,437.50279655406325,437.01518069050724,436.91329598134206,438.9893115909581
3.4800000000000026,-0.10406893964240954,-4.794677544368012,21.235471094390203,5.978594463370049,0.1659147265794445,0.0,-1.001512625710548,-4.86551166047945,4.769160234806993,-0.10058887292868166,0.12854636442217754,0.0,432.07032756637585,433.63485372864704,434.5765325097935,431.5614452743487
3.5400000000000027,-0.16773978626923325,-5.093392749906501,21.52404659152939,5.972703072071525,0.17336462453071544,0.0,-1.1214791646638504,-5.092112652174917,4.848712773620183,-0.09378151826944298,0.11353415066071965,0.0,479.9760562090259,478.84781735193303,478.0044982010574,478.5155301900849
3.6000000000000028,-0.23884179017850213,-5.405987617515248,21.817738810321543,5.967850079820032,0.18064613004110175,0.0,-1.2491520068981616,-5.328077350116338,4.939626832638288,-0.06299713295663927,0.13362894050919524,0.0,484.5099812535622,486.0304154071499,483.7583767294152,486.06623406882846
3.660000000000003,-0.317251447014049,-5.7320009509156,22.114156102111316,5.964677629990508,0.18834402976589093,0.0,-1.3651331908817403,-5.539360827146895,4.940105309558754,-0.037888473798568724,0.114647929605788,0.0,460.0611841789225,458.5697613886775,458.1953977676728,460.18573536212205
3.720000000000003,-0.40223382940152574,-6.069924005534559,22.40793105252727,5.961861141716842,0.19553519064474578,0.0,-1.4681686357651182,-5.725146521560572,4.852109176575357,-0.07939128594104021,0.12862511473683422,0.0,431.14077373096507,432.33365188622935,432.33254628743094,428.81853873603484
3.780000000000003,-0.49367688986994407,-6.419343246918049,22.697124976734685,5.9566182944259864,0.20422003617567253,0.0,-1.5805763771270371,-5.922683165165281,4.78708776721057,-0.112453114460146,0.16558175249436485,0.0,439.0753555011821,442.15020917099463,440.70022728584763,437.95117804660384
3.840000000000003,-0.5922428555160287,-6.781094020275303,22.983360110435935,5.949358431704098,0.21445631836483425,0.0,-1.705737682130511,-6.136273432663273,4.753099375159772,-0.14949745413318105,0.17911217002989543,0.0,452.3025159917888,453.4182843947701,452.799689747544,449.79490361760696
3.900000000000003,-0.6988583937649044,-7.156356518621013,23.26897282758168,5.941742663831718,0.22492752188882026,0.0,-1.8489347742491835,-6.3730923792076695,4.765878467238786,-0.10123731812798561,0.1632560637727011,0.0,469.8163468731961,468.6124175145234,468.7018494931677,472.4231057588804
3.960000000000003,-0.8141771512261049,-7.5458698973212135,23.554872937817446,5.936052999444618,0.23473070987977263,0.0,-1.9957589030525837,-6.611161677075207,4.762840531237267,-0.08438401919911839,0.1636456542169994,0.0,467.9684201415256,468.022716941328,466.8786496928213,468.18475003686154
4.020000000000002,-0.9388846946603316,-7.950369702055104,23.84201478518778,5.930923569078242,0.24434183658588626,0.0,-2.161870628922897,-6.87250421642026,4.806911612198345,-0.08779916570467916,0.15217956546223446,0.0,486.1767738742272,485.33861951223867,485.86154153476707,485.6000325655953
4.080000000000001,-1.073039469794327,-8.369715127543731,24.129011941488475,5.925716458249763,0.2536548781155954,0.0,-2.3106143584407297,-7.106174064520967,4.758575230888167,-0.08483192249274554,0.16068307187764097,0.0,459.23367338144106,459.92970025843033,458.57781226181766,458.80754696816535
4.14,-1.2154679819316483,-8.802124679154387,24.410066977472102,5.920172771919505,0.2632913410730593,0.0,-2.437709591995013,-7.308148696849739,4.609470456859557,-0.11518048964768082,0.16045677972976724,0.0,426.22904968846916,426.23542829077843,427.82495296879046,425.224114895129
4.199999999999998,-1.367178603715144,-9.248782769972507,24.687287319353192,5.91329731186973,0.27245604202326756,0.0,-2.619919338722015,-7.580926970226899,4.629369849326997,-0.11343838572183994,0.12921194610896145,0.0,486.48777965047594,484.1612100872084,485.5578064368112,485.6780251490138
4.259999999999997,-1.527834572720076,-9.709198711739997,24.958379905341932,5.9061413342495115,0.2799350763497177,0.0,-2.735871639231255,-7.767155382041837,4.4069278906313025,-0.13466173971669965,0.11347464052540276,0.0,405.20538136068006,403.8033205073712,405.0531804464653,403.1245898116573
4.319999999999996,-1.6968546132985929,-10.182624362803546,25.220249526022787,5.897683674051985,0.2863110646151794,0.0,-2.898511881148907,-8.014429001045883,4.320810185820732,-0.1581313120194376,0.08520698951464456,0.0,455.6336426804731,453.37667271123775,456.0672278299492,454.1697818396258
4.379999999999995,-1.8748396624765546,-10.669941720123834,25.47399957293136,5.888339697126593,0.29146730365898055,0.0,-3.0346812200389057,-8.230417261387485,4.136872515702828,-0.15132784500197236,0.08735843105363254,0.0,421.82409674846735,422.01641679932993,422.9596418886822,423.5210682760522
4.439999999999993,-2.0616108871304633,-11.171104003403864,25.718242513449265,5.879468866401314,0.29673807220708603,0.0,-3.1913179020438376,-8.475838201395131,4.0034639293119145,-0.14167089186479867,0.0888034988455892,0.0,442.7602211922825,442.8855608297987,442.52581826934284,443.29962114041666
4.499999999999992,-2.2584061393103054,-11.687890047529121,25.95595502343496,5.870865528911242,0.30180594601186606,0.0,-3.3687317014941307,-8.751108815201086,3.9187547965110534,-0.14706313969288207,0.07395609647104552,0.0,463.244980480916,462.0811122342801,463.04579135877225,462.6029568571862
4.559999999999991,-2.4646812242377942,-12.219798051602323,26.184749670900977,5.861915194380952,0.3063968408424014,0.0,-3.5074342711888224,-8.980147929390517,3.7070584990635767,-0.15375846724015818,0.08119322879105394,0.0,418.9716428179623,419.60560028184335,421.35670627941437,420.75497225872
4.6199999999999894,-2.679688127860369,-12.76609265586129,26.401681626925793,5.852996876124747,0.310974146973626,0.0,-3.6597448144685116,-9.230621272615311,3.5230011311587117,-0.13999008783621203,0.06403097578114483,0.0,433.0787744801118,431.63701467344754,432.1418645872835,433.27974113909886
4.679999999999988,-2.9052027671659935,-13.32931793595949,26.611078222156372,5.84451515215013,0.31494392586267317,0.0,-3.857418534230833,-9.544267404443172,3.45494483417023,-0.14425424188916378,0.07011639969074067,0.0,476.9232585809686,477.3908745685331,476.11802906435395,475.77441379748274
4.739999999999987,-3.1412538712503957,-13.909776038125583,26.81231830687831,5.835636565696241,0.3193851451307568,0.0,-4.011209099471619,-9.805330834639681,3.252008866675802,-0.15670179678141494,0.08086189840050946,0.0,431.8900409467686,432.8001146724816,433.6110014180188,432.5423335287869
4.799999999999986,-3.3855455789281397,-14.504739197092489,26.998335077830227,5.825892800185024,0.3244280613762873,0.0,-4.13229088237322,-10.027997484488985,2.9481121819894347,-0.177302356293353,0.08975851075364462,0.0,394.34779299711863,395.17577938038426,397.19170973398946,395.26795406672045
4.859999999999984,-3.6376609011686907,-15.113928391949013,27.167263340302203,5.815550326404978,0.32982427788231483,0.0,-4.271913807980643,-10.279464502966121,2.6818806300108347,-0.16400529876106026,0.09029118579421228,0.0,412.2367353411182,412.29126966364055,412.08001929374575,413.2230113757093
4.919999999999983,-3.9001644312836206,-15.740992957172068,27.325054144961378,5.805652818807708,0.335281809048384,0.0,-4.478260177515713,-10.623478630444625,2.5754656824042645,-0.16693355586609104,0.09226091822621556,0.0,475.00533207828806,475.1627581746194,475.31070530598333,475.0621173849808
4.979999999999982,-4.174503320203391,-16.388125532303214,27.474568033613128,5.795170548739058,0.34112957326284743,0.0,-4.666513606684211,-10.948527689039704,2.406290257003665,-0.1985395151768496,0.10623249899941112,0.0,457.6587728983227,458.77757473436475,459.6278137217593,457.08575033549965
5.0399999999999805,-4.46051634151804,-17.05541221419429,27.614367371964818,5.782977575698256,0.34732482967609,0.0,-4.867321445004736,-11.295240692804619,2.2511541911432955,-0.21473745973313207,0.09651647199126474,0.0,469.37946866589846,468.6332012729913,469.221719994578,467.9235734719783
